$ 1 0.000005 45.7144713268909 50 5 43 5e-11
R 160 192 112 192 0 3 40 5 0 0 0.5
r 160 192 224 192 0 20000
r 224 192 224 256 0 1430
a 288 208 400 208 9 15 -15 1000000 0.2439521593707963 0.2439608178812915 100000
r 288 288 400 288 0 5000
r 400 208 480 208 0 499
O 480 208 544 208 0 0
w 400 208 400 288 0
w 288 224 288 288 0
w 288 192 224 192 0
g 224 256 224 288 0 0
r 288 288 288 368 0 10000
x 356 384 550 387 4 24 \p-5v\sto\s\p1v\sScaler
a 80 528 192 528 9 15 -15 1000000 0.999990000099999 1 100000
a 80 640 192 640 9 15 -15 1000000 0.000009999700006999852 0 100000
R -224 512 -304 512 0 0 40 2.5 0 0 0.5
r -224 512 -112 512 0 15000
r -112 512 -112 624 0 10000
g -112 624 -112 672 0 0
w -112 512 80 512 0
w 80 544 80 576 0
w 80 576 192 576 0
w 192 576 192 528 0
w -112 624 32 624 0
w 80 624 32 624 0
w 80 576 -16 576 0
w -16 576 -16 704 0
r -16 704 80 704 0 20000
r 80 704 192 704 0 20000
r 192 704 288 704 0 1
w 192 640 192 704 0
w 80 656 80 704 0
w 288 704 288 368 0
o 0 64 0 4099 5 0.00078125 0 2 0 3
o 6 64 0 4098 2.5 0.1 1 1
