$ 1 0.000005 45.7144713268909 50 5 43 5e-11
R 160 192 112 192 0 3 40 0.5 0.5 0 0.5
r 160 192 224 192 0 1000
r 224 192 224 256 0 100000
a 288 208 400 208 9 15 -15 1000000 0.8637190520225676 0.8637623767252173 100000
r 288 288 400 288 0 10000
r 400 208 480 208 0 499
O 480 208 544 208 0 0
w 400 208 400 288 0
w 288 224 288 288 0
w 288 192 224 192 0
g 224 256 224 288 0 0
r 288 288 288 384 0 2490
g 288 384 288 432 0 0
x 189 129 375 132 4 24 \p1v\sto\s\p5v\sScaler
o 0 64 0 4099 1.25 0.00009765625 0 2 0 3
o 6 64 0 4098 5 0.1 1 1
