$ 1 0.000005 45.7144713268909 50 5 43 5e-11
R 160 192 112 192 0 3 40 0.5 0.5 0 0.5
r 160 192 224 192 0 1000
r 224 192 224 256 0 100000
a 288 208 400 208 9 15 -15 1000000 0.14422461315784316 0.14418838274202958 100000
r 288 288 400 288 0 10000
r 400 208 480 208 0 499
w 400 208 400 288 0
w 288 224 288 288 0
w 288 192 224 192 0
g 224 256 224 288 0 0
r 288 288 288 384 0 1100
x -166 106 28 109 4 24 \p-5v\sto\s\p1v\sScaler
r -112 288 -32 288 0 1
g -304 336 -336 336 0 0
a -208 240 -112 240 9 15 -15 1000000 0.5590006211739125 0.5590062111801242 100000
w -208 256 -208 288 0
w -208 288 -112 288 0
w -112 288 -112 240 0
r -304 224 -368 224 0 15000
r -304 224 -304 336 0 4320
w -208 224 -304 224 0
O -32 288 48 288 0 0
R -368 224 -400 224 0 0 40 2.5 0 0 0.5
w -32 288 -32 384 0
w -32 384 288 384 0
O 480 208 576 208 0 0
o 21 64 0 4098 0.625 0.1 0 1
o 25 64 0 4098 10 0.1 1 1
